[  0  26  52 226 104 143 255   5]
[ 26   0  29  55 229 107   1 112]
[ 52  29   0  32  58 232   2 166]
[226  55  32   0  35  61  28  42]
[104 229  58  35   0  38 196  19]
[143 107 232  61  38   0 137   2]
[255   1   2  28 196 137   0 213]
[  5 112 166  42  19   2 213   0]
g^250*x^192 + g^236*x^160 + g^182*x^144 + g^82*x^136 + g^82*x^132 + g^152*x^130 + g^132*x^129 + g^244*x^96 + g^201*x^80 + g^152*x^72 + g^131*x^68 + g^191*x^66 + g^63*x^65 + g^84*x^48 + g^156*x^40 + g^109*x^36 + g^221*x^34 + g^93*x^33 + g^239*x^24 + g^148*x^20 + g^97*x^18 + g^162*x^17 + g^91*x^12 + g^176*x^10 + g^254*x^9 + g^183*x^6 + g^188*x^5 + g^68*x^3